0.000000000000000000e+00 0.000000000000000000e+00
4.219776000000000169e-05 4.173405021021021362e-05
4.219776000000000169e-05 4.177620564564564829e-05
4.219776000000000169e-05 4.181836108108108295e-05
4.219776000000000169e-05 4.186051651651651761e-05
4.219776000000000169e-05 4.190267195195195227e-05
4.219776000000000169e-05 4.194482738738738694e-05
4.219776000000000169e-05 4.198698282282282838e-05
4.219776000000000169e-05 4.202913825825826304e-05
4.219776000000000169e-05 4.207129369369369770e-05
4.219776000000000169e-05 4.211344912912913237e-05
4.219776000000000169e-05 4.215560456456456703e-05
