0.000000000000000000e+00 0.000000000000000000e+00
1.061279999999999942e-05 9.948851891891891624e-06
1.061279999999999942e-05 9.991007327327326286e-06
1.061279999999999942e-05 1.003316276276276264e-05
1.061279999999999942e-05 1.007531819819819731e-05
1.061279999999999942e-05 1.011747363363363366e-05
2.114112000000000131e-05 2.082495423423423456e-05
2.114112000000000131e-05 2.078279879879879990e-05
2.114112000000000131e-05 2.074064336336336523e-05
2.114112000000000131e-05 2.069848792792793057e-05
2.114112000000000131e-05 2.065633249249249591e-05
2.114112000000000131e-05 2.061417705705705786e-05
2.114112000000000131e-05 2.057202162162162319e-05
2.114112000000000131e-05 2.052986618618618853e-05
3.166944000000000150e-05 3.111088048048048205e-05
3.166944000000000150e-05 3.115303591591591671e-05
3.166944000000000150e-05 3.119519135135135138e-05
3.166944000000000150e-05 3.123734678678678604e-05
3.166944000000000150e-05 3.127950222222222748e-05
3.166944000000000150e-05 3.132165765765766214e-05
3.166944000000000150e-05 3.136381309309309681e-05
3.166944000000000150e-05 3.140596852852853147e-05
3.166944000000000150e-05 3.144812396396396613e-05
4.219776000000000169e-05 4.025860996996997332e-05
4.219776000000000169e-05 3.941550126126126650e-05
4.219776000000000169e-05 3.937334582582582506e-05
