4.684373333333333436e-07 4.598999999999999690e-08
3.025621333333333380e-06 2.366162272727272484e-06
3.451818666666666896e-06 2.830196727272727361e-06
4.304213333333333081e-06 3.758265636363636268e-06
4.730410666666666597e-06 3.758265636363636268e-06
5.156608000000000113e-06 4.686334545454545599e-06
7.287594666666666846e-06 6.542472363636364261e-06
7.287594666666666846e-06 7.006506818181818715e-06
8.992384000000001756e-06 8.398610181818182076e-06
9.418581333333334425e-06 8.862644636363636530e-06
1.027097600000000146e-05 9.790713545454545437e-06
1.112337066666666849e-05 1.071878245454545434e-05
1.154956800000000116e-05 1.118281690909091049e-05
1.240196266666666819e-05 1.164685136363636495e-05
1.410675200000000056e-05 1.350298918181818276e-05
1.495914666666666759e-05 1.443105809090909167e-05
1.538534400000000026e-05 1.489509254545454612e-05
1.581154133333333462e-05 1.535912700000000058e-05
1.623773866666666899e-05 1.582316145454545334e-05
1.666393599999999996e-05 1.628719590909090948e-05
1.709013333333333432e-05 1.675123036363636224e-05
1.794252800000000305e-05 1.767929927272727115e-05
1.922112000000000275e-05 1.860736818181818006e-05
2.007351466666666809e-05 1.953543709090908896e-05
2.049971200000000245e-05 1.999947154545454511e-05
2.092590933333333343e-05 2.046350599999999787e-05
2.135210666666666779e-05 2.092754045454545402e-05
2.177830400000000215e-05 2.139157490909090678e-05
2.220450133333333652e-05 2.185560936363636293e-05
2.263069866666666749e-05 2.231964381818181908e-05
2.305689600000000185e-05 2.278367827272727183e-05
2.390929066666666719e-05 2.371174718181818074e-05
2.518788266666666689e-05 2.463981609090908965e-05
2.604027733333333562e-05 2.556788499999999856e-05
2.646647466666666998e-05 2.603191945454545470e-05
2.689267200000000096e-05 2.649595390909090746e-05
2.731886933333333532e-05 2.695998836363636361e-05
2.774506666666666968e-05 2.742402281818181637e-05
2.817126400000000066e-05 2.788805727272727252e-05
2.902365866666666938e-05 2.881612618181818143e-05
2.944985600000000375e-05 2.881612618181818143e-05
3.030225066666666908e-05 2.974419509090909033e-05
3.072844800000000006e-05 3.020822954545454648e-05
3.115464533333333442e-05 3.067226400000000263e-05
3.158084266666666878e-05 3.113629845454545539e-05
3.200704000000000315e-05 3.160033290909090815e-05
3.243323733333333751e-05 3.206436736363636091e-05
3.285943466666667187e-05 3.252840181818182044e-05
3.328563199999999946e-05 3.299243627272727320e-05
3.413802666666666819e-05 3.392050518181817872e-05
3.456422400000000255e-05 3.392050518181817872e-05
3.541661866666667127e-05 3.484857409090909102e-05
3.626901333333333322e-05 3.577664299999999654e-05
3.669521066666666759e-05 3.624067745454545607e-05
3.712140800000000195e-05 3.670471190909090883e-05
3.754760533333333631e-05 3.716874636363636159e-05
3.797380266666667068e-05 3.763278081818182113e-05
3.840000000000000504e-05 3.809681527272727389e-05
3.882619733333333263e-05 3.856084972727272665e-05
3.925239466666666699e-05 3.902488418181817941e-05
3.967859200000000135e-05 3.948891863636363894e-05
4.010478933333333571e-05 3.995295309090909170e-05
4.053098666666667008e-05 3.995295309090909170e-05
4.138338133333333880e-05 4.088102199999999722e-05
4.180957866666666639e-05 4.180909090909090952e-05
4.223577600000000075e-05 4.180909090909090952e-05
