4.224000000000000634e-08 6.897855495495495088e-07
4.224000000000000634e-08 6.438001531531531987e-07
4.224000000000000634e-08 5.978147567567567828e-07
1.124125538461538574e-06 1.517522684684684678e-06
1.124125538461538574e-06 1.563508081081081094e-06
1.124125538461538574e-06 1.609493477477477510e-06
1.124125538461538574e-06 1.885405855855855793e-06
2.206011076923077108e-06 2.851099180180180104e-06
2.206011076923077108e-06 2.805113783783783476e-06
3.287896615384615642e-06 3.954748693693693663e-06
3.287896615384615642e-06 4.000734090090089867e-06
4.369782153846153752e-06 5.058398207207207645e-06
4.369782153846153752e-06 5.012412810810810594e-06
4.369782153846153752e-06 4.966427414414414389e-06
5.451667692307692287e-06 6.116062324324324576e-06
5.451667692307692287e-06 6.162047720720720780e-06
6.533553230769230821e-06 7.219711837837837711e-06
6.533553230769230821e-06 7.173726441441441506e-06
7.615438769230769355e-06 8.323361351351350846e-06
7.615438769230769355e-06 8.369346747747748744e-06
8.697324307692308736e-06 9.381025468468468624e-06
9.779209846153846423e-06 1.053066037837837881e-05
1.086109538461538580e-05 1.154233909909909869e-05
1.194298092307692519e-05 1.269197400900900888e-05
1.410675200000000056e-05 1.489927303603603684e-05
