0.000000000000000000e+00 0.000000000000000000e+00
2.300968421052631854e-06 1.687908708708708870e-07
2.300968421052631854e-06 1.559920240240240387e-06
2.300968421052631854e-06 1.981474594594594639e-06
2.300968421052631854e-06 2.276562642642642786e-06
4.517456842105263629e-06 4.004935495495495730e-06
4.517456842105263629e-06 3.962780060060060220e-06
4.517456842105263629e-06 3.920624624624624710e-06
4.517456842105263629e-06 3.878469189189189200e-06
6.733945263157895828e-06 6.112707267267267840e-06
6.733945263157895828e-06 6.154862702702703350e-06
8.950433684210526333e-06 8.515567087087085979e-06
8.950433684210526333e-06 8.473411651651651316e-06
8.950433684210526333e-06 8.431256216216214959e-06
8.950433684210526333e-06 8.389100780780780296e-06
8.950433684210526333e-06 8.346945345345345633e-06
8.950433684210526333e-06 8.304789909909909276e-06
1.116692210526315768e-05 1.058118342342342343e-05
1.116692210526315768e-05 1.062333885885885809e-05
1.116692210526315768e-05 1.066549429429429445e-05
1.116692210526315768e-05 1.070764972972972911e-05
1.116692210526315768e-05 1.074980516516516547e-05
1.338341052631579073e-05 1.302619867867867792e-05
1.338341052631579073e-05 1.298404324324324326e-05
1.338341052631579073e-05 1.294188780780780690e-05
1.338341052631579073e-05 1.289973237237237224e-05
1.338341052631579073e-05 1.285757693693693588e-05
1.338341052631579073e-05 1.281542150150150122e-05
1.559989894736842208e-05 1.513397045045045003e-05
1.559989894736842208e-05 1.517612588588588639e-05
1.559989894736842208e-05 1.521828132132132105e-05
1.559989894736842208e-05 1.526043675675675741e-05
1.559989894736842208e-05 1.530259219219219207e-05
1.559989894736842208e-05 1.534474762762763012e-05
1.781638736842105513e-05 1.757898570570570792e-05
1.781638736842105513e-05 1.753683027027027325e-05
1.781638736842105513e-05 1.749467483483483520e-05
1.781638736842105513e-05 1.745251939939940054e-05
1.781638736842105513e-05 1.741036396396396588e-05
1.781638736842105513e-05 1.736820852852853121e-05
1.781638736842105513e-05 1.732605309309309316e-05
2.003287578947368817e-05 1.951813573573573629e-05
2.003287578947368817e-05 1.956029117117117434e-05
2.003287578947368817e-05 1.960244660660660901e-05
2.003287578947368817e-05 1.964460204204204367e-05
2.003287578947368817e-05 1.968675747747747833e-05
2.003287578947368817e-05 1.972891291291291300e-05
2.003287578947368817e-05 1.977106834834835105e-05
2.003287578947368817e-05 1.981322378378378571e-05
2.224936421052631783e-05 2.204746186186186350e-05
2.224936421052631783e-05 2.200530642642642884e-05
2.224936421052631783e-05 2.196315099099099418e-05
2.224936421052631783e-05 2.192099555555555613e-05
2.224936421052631783e-05 2.187884012012012146e-05
2.224936421052631783e-05 2.183668468468468680e-05
2.224936421052631783e-05 2.179452924924925214e-05
2.224936421052631783e-05 2.175237381381381409e-05
2.446585263157895088e-05 2.398661189189189527e-05
2.446585263157895088e-05 2.402876732732732993e-05
2.446585263157895088e-05 2.407092276276276459e-05
2.446585263157895088e-05 2.411307819819819926e-05
2.446585263157895088e-05 2.415523363363363392e-05
2.446585263157895088e-05 2.419738906906907197e-05
2.446585263157895088e-05 2.423954450450450663e-05
2.446585263157895088e-05 2.428169993993994130e-05
2.668234105263158392e-05 2.651593801801801909e-05
2.668234105263158392e-05 2.647378258258258443e-05
2.668234105263158392e-05 2.643162714714714976e-05
2.668234105263158392e-05 2.638947171171171510e-05
2.668234105263158392e-05 2.634731627627627705e-05
2.668234105263158392e-05 2.630516084084084239e-05
2.668234105263158392e-05 2.626300540540540772e-05
2.668234105263158392e-05 2.622084996996997306e-05
2.889882947368421358e-05 2.841293261261261619e-05
2.889882947368421358e-05 2.845508804804805085e-05
2.889882947368421358e-05 2.849724348348348552e-05
2.889882947368421358e-05 2.853939891891892018e-05
2.889882947368421358e-05 2.858155435435435484e-05
2.889882947368421358e-05 2.862370978978979289e-05
2.889882947368421358e-05 2.866586522522522756e-05
2.889882947368421358e-05 2.870802066066066222e-05
2.889882947368421358e-05 2.875017609609609688e-05
2.889882947368421358e-05 2.879233153153153493e-05
3.111531789473684324e-05 3.102656960960961273e-05
3.111531789473684324e-05 3.098441417417417806e-05
3.111531789473684324e-05 3.094225873873874340e-05
3.111531789473684324e-05 3.090010330330330874e-05
3.111531789473684324e-05 3.085794786786786730e-05
3.111531789473684324e-05 3.081579243243243263e-05
3.111531789473684324e-05 3.077363699699699797e-05
3.111531789473684324e-05 3.073148156156156331e-05
3.111531789473684324e-05 3.068932612612612865e-05
3.111531789473684324e-05 3.064717069069069398e-05
3.333180631578947628e-05 3.288140876876877178e-05
3.333180631578947628e-05 3.292356420420420644e-05
3.333180631578947628e-05 3.296571963963964110e-05
3.333180631578947628e-05 3.300787507507507577e-05
3.333180631578947628e-05 3.305003051051051043e-05
3.333180631578947628e-05 3.309218594594594509e-05
3.333180631578947628e-05 3.313434138138138653e-05
3.333180631578947628e-05 3.317649681681682119e-05
3.333180631578947628e-05 3.321865225225225586e-05
3.333180631578947628e-05 3.326080768768769052e-05
3.554829473684210933e-05 3.557935663663663764e-05
3.554829473684210933e-05 3.553720120120120298e-05
3.554829473684210933e-05 3.549504576576576831e-05
3.554829473684210933e-05 3.545289033033033365e-05
3.554829473684210933e-05 3.541073489489489899e-05
3.554829473684210933e-05 3.536857945945946432e-05
3.554829473684210933e-05 3.532642402402402966e-05
3.554829473684210933e-05 3.528426858858858822e-05
3.554829473684210933e-05 3.524211315315315356e-05
3.554829473684210933e-05 3.519995771771771890e-05
3.554829473684210933e-05 3.515780228228228423e-05
3.554829473684210933e-05 3.511564684684684957e-05
3.776478315789474238e-05 3.730772948948949270e-05
3.776478315789474238e-05 3.734988492492492736e-05
3.776478315789474238e-05 3.739204036036036203e-05
3.776478315789474238e-05 3.743419579579579669e-05
3.776478315789474238e-05 3.747635123123123135e-05
3.776478315789474238e-05 3.751850666666666601e-05
3.776478315789474238e-05 3.756066210210210745e-05
3.776478315789474238e-05 3.760281753753754212e-05
3.776478315789474238e-05 3.764497297297297678e-05
3.776478315789474238e-05 3.768712840840841144e-05
3.776478315789474238e-05 3.772928384384384611e-05
3.998127157894737542e-05 4.198698282282282838e-05
3.998127157894737542e-05 4.152327303303303353e-05
3.998127157894737542e-05 4.148111759759759887e-05
3.998127157894737542e-05 4.105956324324324546e-05
3.998127157894737542e-05 4.101740780780781080e-05
3.998127157894737542e-05 4.097525237237237614e-05
3.998127157894737542e-05 4.059585345345345739e-05
3.998127157894737542e-05 4.055369801801802273e-05
3.998127157894737542e-05 4.051154258258258807e-05
3.998127157894737542e-05 4.046938714714714663e-05
3.998127157894737542e-05 4.013214366366366933e-05
3.998127157894737542e-05 3.996352192192192390e-05
3.998127157894737542e-05 3.971058930930930914e-05
3.998127157894737542e-05 3.941550126126126650e-05
3.998127157894737542e-05 3.937334582582582506e-05
3.998127157894737542e-05 3.933119039039039040e-05
3.998127157894737542e-05 3.928903495495495574e-05
4.219776000000000169e-05 4.177620564564564829e-05
4.219776000000000169e-05 4.181836108108108295e-05
4.219776000000000169e-05 4.186051651651651761e-05
4.219776000000000169e-05 4.190267195195195227e-05
4.219776000000000169e-05 4.194482738738738694e-05
4.219776000000000169e-05 4.198698282282282838e-05
4.219776000000000169e-05 4.202913825825826304e-05
4.219776000000000169e-05 4.207129369369369770e-05
4.219776000000000169e-05 4.211344912912913237e-05
4.219776000000000169e-05 4.215560456456456703e-05
4.219776000000000169e-05 4.219776000000000169e-05
